  0.055
  0.055
  0.016
  0.016
  0.022
  0.022
  0.002
  0.002
  0.002
  0.002
  0.003
  0.003
  0.021
  0.021
  0.053
  0.053
  0.041
  0.041
  0.005
  0.005
  0.000
  0.000
 -0.009
 -0.009
  0.018
  0.018
  0.009
  0.009
 -0.003
 -0.003
 -0.003
 -0.003
  0.009
  0.009
 -0.000
 -0.000
 -0.000
 -0.000
 -0.005
 -0.005
  0.002
  0.002
  0.021
  0.021
  0.024
  0.024
 -0.014
 -0.014
 -0.014
 -0.014
  0.008
  0.008
 -0.004
 -0.004
 -0.017
 -0.017
 -0.004
 -0.004
  0.000
  0.000
 -0.000
 -0.000
  0.001
  0.001
 -0.000
 -0.000
  0.000
  0.000
  0.000
  0.000
  0.000
  0.000
 -2.692
